bovie,0
forceps,1
needledriver,2
hand,3
